$ANSIBLE_VAULT;1.1;AES256
66356430313037376165633232346363623564346666666464373832373864366135313263643030
3230326663333766336335643563396665313464643933350a353562393836613638633761393161
35663166663033393036346164663133666662663936643630613165383538623263363162343035
3661633437323134660a383837396261386263393062353431353934363431383961333563386331
63613133393365333561653466656265373265323763396234353062363361393430623761343539
34303366613838383530613331326232333364343563366163626666333231323463653939366231
36646634666538626432346430616538353436396336666562303365666339306165366632353331
66326463623666376161623231326139643561616536316133366565306630366632633835633165
30323139386637333335623266333662643362626238646636376230303165343730613433623862
36636562386432363038643739333730623436383833343761303332343861663339623831333364
33326239393362663637353837633830663634613936626432383235626231613266383132666537
64666131333232383462373061306662613132323738363830323536336238386638646534383565
64306434396231633264353937636636336462616239356438623731343032343264323036643666
37393864356661336239376230646334363763373139363061666163653661333833313962336338
61363039643161386232653433383732633735626532306232316238613736313930346266316438
65393663623364323763613031343933653933326662626665396364386334613665643431663535
38396564613564326537303136353134626437396631343166613962376630636266376130633931
65306532356165346137626436646566346163353634343238353033386631626338613462303232
30353239663833353465386132346130383432656334383638636138393433643631356230343536
35346338343664373131306131636162343538333839643835633937316632653136363536663738
32616130633962353738303064643764353630336162363936643662306662353234343939346437
63336563623134386136616436336632373363646232626238343830663831653063363131366635
64663235383066623865656263353737656537383133623235363266356533633362383862663634
66633830363533373563316365616466386532313130386562373537656135366131366638616539
66346662316436386136616337373562366336666232366261653337336662653861333461366665
32323066316534633261623933363161396435626332636139353862303061666534656133653937
65323334666638666130653665313839303536303264383862396338373039643733626366653537
35363338393738663632623634313161356365313466336531653066663231663361333462383933
65336664306136303764666166383333663866613636353962643538336439636665613961633837
35396466323935343039353764316130663165343231623239653531633166616631323733343765
65363263646262623231333261316163303862393632346134613961303532323864643330333561
33396165383363666332313961396562613038613131333932353236393062343761333164333863
35353036376235613633373138663566326462363566643935646262343739653535376132333865
66356366646362346435343936633565386633313431636631366163643238353034363830303834
39343761336237303532616231626465363835376536373666393334326162346539623163323933
66363533306636313362303732366139626331326538353261633536393933626230303232333039
65333439333430386564646239386339306461383464616538363034623834393933643939313562
62666261613231343930636533316330326632376364623962623135333561323365393262373864
31663566656239633639383663633735663565643132636532376436303231333766356466636163
39666334366533666262333539353039303165323334386334656162643139323130363838613730
36313630393633343232653036666666623139363135383637363437613137666435613932396234
37616431383665386165363537353466363437613634663461663333303730613063386438376236
65393936373963356232356165353237386438353864623736356133346438626364316365613831
34323966316163313766646436303064646132383966353636663161663634663561643065626334
37383932386133326439393135386161326131313161643330313164353534616637613264303366
66383464626630343837333435373830646138326666616430653436323638383530333132333237
36306332333731333130373530313136396462336238663634363939376164303837363963383763
66346665393730353864333232326566633535303239326365383565306535376163666134393234
63353634333436303165366231346434336532646334626162363132656161396630373165353365
3166636131366438643061383561313433353062653630616662
