$ANSIBLE_VAULT;1.1;AES256
34623965636639636535633434383037306462643532313333653566376236396363353364663430
6266313664353738353061656431323836623137326366310a646331323830623739363163383735
31343264633639613961653333313033613562306162373631363764633039363034393362326165
3433646166353931330a373965353834313963303732633864313461653236306563323736663036
39633938326438663866663966303039353036396264363366316261376438643063306165363235
62653965326234613139643630386636306535666165323762386534323065643466366263646335
61353162633535646637663438636138396166333465323361663531363933386132656133616662
65643631333561353538316530633863373966623739313034383165353036346334633930323436
35653431306165353133643731386236633639653439393331313935616533343763333634346362
66336261366630316237613264316434626664383530336632396133303666363930633366396638
38336465613561636362353135396363323136366433373534633961623061336135343538636539
39353732376136313466346236666661643561326231366234343730636134653165653935386235
37353565336536303662313933343834333137623966666339646338663961316432616232623965
64353234656136363132623663643664303566326332613666313237313263616163303031323464
37326561326338333631613165663237306134303964363937346232343436326463386563393861
38383961623432633032356335373538353531643066643832333534373837356663363064386665
38373464656635363837656533373965313835346333303965343965633335653866363338343335
36653531313737616164363632386537393465326435393137326539343039363664353135373035
30623030303665666262653861333837663935626234623035306437633738323034666433393639
34653832353439316137313339636465626162626131383664623162373632626131633763313736
62306362613635353962633963383861396236313632623639323362386664613364343163343637
36373534323335323930316365393465306436623733366535633832353734393264633230306239
35643233383139623934646232346362616339306664356565353635626431313162616161326265
36306430626461666563633438323937386364376432666533666233373562313635333732373763
63323538633836333232343830346134616264316161303337616138633663373033373332613561
34616531386461303261313633326363366435613465616635626361313537623831326564316336
66306263656534613431313733313831373763376265613931616634336439376131656464643238
39376563353631383736333636333539366634336664643438353162366661383032303732393237
6661
